0  490 0
1  83060 0
2  4620124982141 7
3  651799780566 3
4  12147101 1
5  298472 0
6  7967 0
7 
8 
9  19656 0
10  468529964612645689 45
11  62051 1
12  17573826278174905210 133
13  758993312327426 2
14 
15  3815189416887244 2
16 
17  6931727268594526294 69
18  2353205 1
19  108628064284770 48
20  171 0
21  678908 0
22  6153037 0
23  42 0
24  205071 1
25  12928822063272637836 40
26  5062627458285356103 53
27  68318405910094 5
28  3950832414 1
29  7307683681072816695 29
30  65558639661 1
31  11808890597 3
32  1431719963 13
33  19795884038245939 20
34  8798574553789 463
35  147774159 0
36  27118434 2
37  20439693959096 9
38  10818355338846766558 62
39  1642060329166 15
40  12863057340 7
41  2787650802 1
42  103383038 0
43  4616724831747 4
44  7866816180528886 5
45  633624 0
46  279119388 2
47  8896068 2
48  8539806 1
49  355 0
50  13366 0
51  8408133608 2
52  11270870952655688571 4
53  203990662970 51
54  5375331793447024653 7
55  28009336128 2
56  1688771063645301 21
57  1230176492322 1
58  379641333914 7
59  4188094581 9
60  14663696 1
61  48761607715 2
62  5319958482109009428 176
63  105638727704 3
64  58174187841139 5
65 
66  1039209125269 9
67  25911253608 9
68  21541196949978321 40
69  184074384715 5
70  658432517040 8
71 
72 
73  1776085537 6
74  847926881295242887 26
75  4307 0
76  33334 0
77  60167 0
78  1010 0
79  287 0
80  119 0
81  205725692522 15
82  322 0
83  77154 0
84  860219848242407 0
85  1022 0
86  542333044 24
87  26787484394 22
88 
89  571686230 12
90  28 0
91  2498 0
92  42 0
93  144 0
94  58 0
95  89 0
96  110021 0
97  598 0
98  71430 0
99  45728 0
