0  490 0
1  83060 0
2  4620124982141 8
3  651799780566 3
4  12147101 1
5  298472 0
6  7967 0
7 
8 
9  19656 0
10  468529964612645689 46
11  62051 1
12  17573826278174905210 136
13 
14 
15 
16 
17  6931727268594526294 67
18  2353205 1
19  108628064284770 49
20  171 0
21  678908 0
22  6153037 1
23  42 0
24  205071 0
25  12928822063272637836 39
26  5062627458285356103 52
27  68318405910094 5
28  3950832414 1
29  7307683681072816695 575
30  65558639661 36
31  11808890597 5
32  1431719963 7
33  19795884038245939 22
34 
35  147774159 1
36  27118434 1
37  20439693959096 183
38  10818355338846766558 60
39  1642060329166 14
40  12863057340 30
41  2787650802 1
42  103383038 1
43  4616724831747 31
44 
45  633624 0
46  279119388 10
47  8896068 3
48  8539806 1
49  355 0
50  13366 0
51  8408133608 3
52 
53  203990662970 48
54 
55  28009336128 2
56  1688771063645301 44
57  1230176492322 176
58  379641333914 58
59  4188094581 16
60  14663696 3
61  48761607715 7
62 
63  105638727704 17
64 
65 
66  1039209125269 46
67  25911253608 116
68  21541196949978321 549
69  184074384715 4
70  658432517040 91
71 
72 
73  1776085537 5
74 
75  4307 0
76  33334 0
77  60167 0
78  1010 0
79  287 0
80  119 0
81  205725692522 15
82  322 0
83  77154 0
84 
85  1022 8
86 
87 
88 
89  571686230 512
90  28 0
91  2498 0
92  42 0
93  144 0
94  58 0
95  89 0
96  110021 9
97  598 0
98  71430 2
99  45728 2
