0  681298897231415
1  3021361446658
2  7371648
3 
4  18372667
5  33268108
6  39761907
7  124428198799
8 
9  11738580851608
10  773600
11  8825581
12  18172607
13  1968653409
14  3962445669796
15 
16  568309451
17  13850718456031
18  1103149863147
19 
20  3849
21  8081148
22  11663922
23  4035
24  36272101
25  5464
26  35064
27  34287
28  29998
29  1919904
30  676184
31  349740
32 
33  177568418
34  108026612
35  2103762
36  17101931
37  7781674
38  4637296
39  2729706440807
40  316728256616
41  63902
42 
43  408978
44  86415
45  16309242
46  2165375
47  53264
48  146671
49  16792367859
