0  681298897231415 6
1  3021361446658 1
2  7371648 10
3 
4  18372667 3
5  33268108 3
6  39761907 1
7  124428198799 144
8 
9  11738580851608 141
10  773600 0
11  8825581 0
12  18172607 1
13  1968653409 0
14  3962445669796 14
15 
16  568309451 26
17  13850718456031 48
18  1103149863147 10
19 
20  3849 0
21  8081148 2
22  11663922 3
23  4035 0
24  36272101 10
25  5464 0
26  35064 0
27  34287 0
28  29998 0
29  1919904 0
30  676184 0
31  349740 1
32  13849673957635 12
33  177568418 2
34  108026612 12
35  2103762 2
36  17101931 2
37  7781674 0
38  4637296 0
39  2729706440807 0
40  316728256616 91
41  63902 0
42 
43  408978 0
44  86415 1
45  16309242 6
46  2165375 3
47  53264 1
48  146671 1
49  16792367859 0
