10 9 17 40 1 1
9 9 15 35 1 1
22 21 38 10 1 1
16 19 33 31 1 1
15 11 20 13 1 1
19 18 8 5 1 2.08025e+30
12 10 14 7 1 1.04509e+11
16 15 19 9 1 6.71409e+27
23 15 26 64 1 8
14 13 17 12 1 1.18931e+20
17 8 12 6 1 331776
20 11 15 6 1 4.21382e+14
21 11 15 6 1 9.91091e+17
14 7 11 13 1 138240
15 6 10 18 1 331776
25 16 19 18 1 1.55793e+60
27 13 21 7 1 1.04853e+22
21 11 15 13 1 9.91091e+17
22 15 18 10 1 8.79227e+27
31 20 23 8 1 1.84764e+43
11 5 9 6 1 2
14 4 8 61 1 1
18 4 8 67 1 2
17 4 8 6 1 69120
19 4 8 73 1 4
16 4 8 7 1 64
24 5 10 9 1 16
24 4 8 14 1 24
22 4 8 17 1 4
23 5 10 13 1 2
26 6 12 15 1 4
32 4 8 18 1 32
83 9 18 11 1 7.35802e+77
29 9 16 9 1 64
48 12 23 8 1 7.92542e+15
38 12 22 6 1 6.01158e+14
93 8 15 8 1 4.70308e+41
10 10 0 11 1 1440
9 8 0 11 1 2
9 8 15 39 1 1
15 7 12 35 1 1
43 12 21 7 1 1
40 13 26 86 1 1
47 14 25 8 1 2
44 14 28 7 1 1
47 13 26 13 1 2
47 14 28 10 1 2
45 13 26 6 1 1
46 14 27 7 1 2
5 5 9 48 1 1
