0  490 1
1  83060 4
2  4620124982141 231
3  651799780566 12
4  12147101 5
5  298472 2
6  7967 1
7 
8 
9  19656 3
10 
11  62051 5
12 
13 
14 
15 
16 
17 
18  2353205 7
19  108628064284770 535
20  171 0
21  678908 1
22  6153037 3
23  42 0
24  205071 1
25  12928822063272637836 3
26  5062627458285356103 3
27  68318405910094 29
28  3950832414 5
29  7307683681072816695 282
30  65558639661 130
31  11808890597 29
32  1431719963 10
33  19795884038245939 33
34 
35  147774159 5
36  27118434 3
37 
38  10818355338846766558 60
39  1642060329166 47
40  12863057340 24
41  2787650802 4
42  103383038 2
43  4616724831747 304
44 
45  633624 1
46  279119388 4
47  8896068 1
48  8539806 1
49  355 1
50  13366 1
51  8408133608 6
52  11270870952655688571 6
53  203990662970 1
54  5375331793447024653 4
55  28009336128 2
56  1688771063645301 16
57 
58  379641333914 95
59  4188094581 10
60  14663696 3
61  48761607715 22
62  5319958482109009428 28
63  105638727704 68
64  58174187841139 5
65 
66  1039209125269 79
67  25911253608 109
68  21541196949978321 287
69  184074384715 6
70  658432517040 534
71 
72 
73  1776085537 3
74 
75  4307 0
76  33334 0
77  60167 0
78  1010 0
79  287 0
80  119 0
81  205725692522 11
82  322 0
83  77154 0
84 
85  1022 4
86  542333044 71
87 
88 
89  571686230 29
90  28 0
91  2498 1
92  42 0
93  144 1
94  58 1
95  89 0
96  110021 2
97  598 1
98  71430 1
99  45728 1
