0  490 0
1  83060 2
2  4620124982141 37
3  651799780566 16
4  12147101 3
5  298472 0
6  7967 0
7 
8 
9  19656 1
10  468529964612645689 210
11  62051 1
12 
13  758993312327426 4
14 
15  3815189416887244 5
16 
17  5135126579759849875542 312
18  2353205 3
19  108628064284770 233
20  171 0
21  678908 1
22  6153037 1
23  42 0
24  205071 1
25  576359621734489401801127308 84
26  8619692109880645960775 119
27  68318405910094 17
28  3950832414 4
29  373164467783185660613987419371344830374455 43
30  65558639661 1
31  11808890597 3
32  1431719963 12
33  19795884038245939 74
34  8798574553789 542
35  147774159 1
36  27118434 3
37  20439693959096 9
38  238980532622402158411072394829317574067678 190
39  1642060329166 45
40  12863057340 10
41  2787650802 3
42  103383038 0
43  4616724831747 4
44  7866816180528886 5
45  633624 0
46  279119388 3
47  8896068 2
48  8539806 1
49  355 0
50  13366 0
51  8408133608 3
52  6453106622968249130652539 14
53  203990662970 123
54  65320329808483944501300557837 8
55  28009336128 3
56  1688771063645301 24
57  1230176492322 2
58  379641333914 8
59  4188094581 17
60  14663696 1
61  48761607715 3
62  1908596462454869054177778112555585044 88
63  105638727704 3
64  58174187841139 6
65 
66  1039209125269 9
67  25911253608 11
68  21541196949978321 43
69  184074384715 5
70  658432517040 9
71 
72 
73  1776085537 6
74  847926881295242887 26
75  4307 0
76  33334 0
77  60167 0
78  1010 0
79  287 0
80  119 0
81  205725692522 20
82  322 0
83  77154 0
84  860219848242407 0
85  1022 2
86  542333044 38
87  26787484394 54
88 
89  571686230 19
90  28 0
91  2498 0
92  42 0
93  144 0
94  58 0
95  89 0
96  110021 1
97  598 1
98  71430 0
99  45728 0
