0  490 0
1  83060 0
2  4620124982141 1
3  651799780566 1
4  12147101 1
5  298472 0
6  7967 0
7 
8 
9  19656 0
10 
11  62051 1
12 
13  758993312327426 2
14 
15  3815189416887244 2
16 
17 
18  2353205 1
19  108628064284770 2
20  171 0
21  678908 0
22  6153037 0
23  42 0
24  205071 0
25 
26 
27  68318405910094 0
28  3950832414 0
29 
30  65558639661 1
31  11808890597 0
32  1431719963 1
33  19795884038245939 1
34  8798574553789 469
35  147774159 0
36  27118434 0
37  20439693959096 1
38 
39  1642060329166 0
40  12863057340 7
41  2787650802 0
42  103383038 0
43  4616724831747 0
44  7866816180528886 5
45  633624 0
46  279119388 0
47  8896068 0
48  8539806 0
49  355 0
50  13366 0
51  8408133608 0
52 
53  203990662970 4
54 
55  28009336128 0
56  1688771063645301 5
57  1230176492322 1
58  379641333914 1
59  4188094581 0
60  14663696 0
61  48761607715 0
62 
63  105638727704 0
64  58174187841139 396
65 
66  1039209125269 1
67  25911253608 9
68  21541196949978321 4
69  184074384715 0
70  658432517040 1
71 
72 
73  1776085537 0
74  847926881295242887 26
75  4307 0
76  33334 0
77  60167 0
78  1010 0
79  287 0
80  119 0
81  205725692522 0
82  322 0
83  77154 0
84  860219848242407 0
85  1022 0
86  542333044 24
87  26787484394 23
88 
89  571686230 12
90  28 0
91  2498 0
92  42 0
93  144 0
94  58 0
95  89 0
96  110021 0
97  598 0
98  71430 0
99  45728 0
