0  490
1  83060
2  4620124982141
3  651799780566
4  12147101
5  298472
6  7967
7 
8 
9  19656
10  468529964612645689
11  62051
12  17573826278174905210
13  758993312327426
14 
15  3815189416887244
16 
17  5135126579759849875542
18  2353205
19  108628064284770
20  171
21  678908
22  6153037
23  42
24  205071
25  576359621734489401801127308
26  8619692109880645960775
27  68318405910094
28  3950832414
29  373164467783185660613987419371344830374455
30  65558639661
31  11808890597
32  1431719963
33  19795884038245939
34  8798574553789
35  147774159
36  27118434
37  20439693959096
38  238980532622402158411072394829317574067678
39  1642060329166
40  12863057340
41  2787650802
42  103383038
43  4616724831747
44  7866816180528886
45  633624
46  279119388
47  8896068
48  8539806
49  355
50  13366
51  8408133608
52  6453106622968249130652539
53  203990662970
54  65320329808483944501300557837
55  28009336128
56  1688771063645301
57  1230176492322
58  379641333914
59  4188094581
60  14663696
61  48761607715
62  1908596462454869054177778112555585044
63  105638727704
64  58174187841139
65 
66  1039209125269
67  25911253608
68  21541196949978321
69  184074384715
70  658432517040
71 
72 
73  1776085537
74  847926881295242887
75  4307
76  33334
77  60167
78  1010
79  287
80  119
81  205725692522
82  322
83  77154
84  860219848242407
85  1022
86  542333044
87  26787484394
88 
89  571686230
90  28
91  2498
92  42
93  144
94  58
95  89
96  110021
97  598
98  71430
99  45728
