0  490
1  83060
2  4620124982141
3  651799780566
4  12147101
5  298472
6  7967
7 
8 
9  19656
10  468529964612645689
11  62051
12  17573826278174905210
13 
14 
15 
16 
17  6931727268594526294
18  2353205
19  108628064284770
20  171
21  678908
22  6153037
23  42
24  205071
25  12928822063272637836
26  5062627458285356103
27  68318405910094
28  3950832414
29  7307683681072816695
30  65558639661
31  11808890597
32  1431719963
33  19795884038245939
34 
35  147774159
36  27118434
37  20439693959096
38  10818355338846766558
39  1642060329166
40  12863057340
41  2787650802
42  103383038
43  4616724831747
44 
45  633624
46  279119388
47  8896068
48  8539806
49  355
50  13366
51  8408133608
52 
53  203990662970
54 
55  28009336128
56  1688771063645301
57  1230176492322
58  379641333914
59  4188094581
60  14663696
61  48761607715
62 
63  105638727704
64 
65 
66  1039209125269
67  25911253608
68  21541196949978321
69  184074384715
70  658432517040
71 
72 
73  1776085537
74 
75  4307
76  33334
77  60167
78  1010
79  287
80  119
81  205725692522
82  322
83  77154
84 
85  1022
86 
87 
88 
89  571686230
90  28
91  2498
92  42
93  144
94  58
95  89
96  110021
97  598
98  71430
99  45728
