0  490
1  83060
2  4620124982141
3  651799780566
4  12147101
5  298472
6  7967
7 
8 
9  19656
10 
11  62051
12 
13  758993312327426
14 
15  3815189416887244
16 
17 
18  2353205
19  108628064284770
20  171
21  678908
22  6153037
23  42
24  205071
25 
26 
27 
28  3950832414
29 
30 
31 
32  1431719963
33 
34 
35  147774159
36  27118434
37 
38 
39 
40 
41  2787650802
42  103383038
43 
44 
45  633624
46  279119388
47  8896068
48  8539806
49  355
50  13366
51 
52 
53 
54 
55 
56 
57 
58 
59  4188094581
60  14663696
61 
62 
63 
64 
65 
66 
67 
68 
69 
70 
71 
72 
73  1776085537
74 
75  4307
76  33334
77  60167
78  1010
79  287
80  119
81  205725692522
82  322
83  77154
84 
85  1022
86 
87 
88 
89 
90  28
91  2498
92  42
93  144
94  58
95  89
96  110021
97  598
98  71430
99  45728
