18 9 18 12 9 1
17 14 26 20 18 1
15 17 33 38 26 1
14 15 28 36 24 1
19 17 29 25 21 1
16 10 16 22 20 1
10 7 12 19 17 2
19 23 42 84 34 1
20 25 46 72 36 1
16 11 18 17 15 1
15 17 30 52 26 1
25 19 35 17 11 1
16 19 38 56 28 1
19 23 44 44 34 1
18 22 37 64 32 1
20 25 47 46 36 1
17 20 34 74 30 1
15 17 34 64 26 1
21 18 34 24 20 1
18 22 40 42 32 1
17 6 11 7 6 3.12038e+31
19 18 22 8 4 2.08025e+30
19 18 22 11 7 2.97834e+51
5 5 8 5 4 3.04002e+22
19 18 22 9 6 2.98933e+40
16 11 18 50 4 24
15 11 19 45 5 48
13 12 16 18 7 2.14076e+21
13 12 16 14 7 2.14076e+21
18 15 13 60 4 4.42451e+16
19 18 22 14 7 2.97834e+51
16 15 19 14 7 4.42984e+33
21 14 21 11 5 3.98131e+07
14 14 17 20 8 4.31576e+24
25 17 23 13 3 3.48365e+08
18 17 21 10 5 2.59772e+26
18 17 21 12 8 2.12472e+43
19 18 22 15 6 2.98933e+40
16 12 13 65 5 7.96262e+07
15 15 18 15 6 8.47739e+24
23 15 26 11 4 8
15 14 18 14 9 6.2147e+27
17 16 19 10 5 7.93746e+25
16 15 18 15 6 6.71409e+27
19 18 22 18 7 2.97834e+51
17 12 15 11 7 6.42227e+22
28 12 23 11 5 5.50377e+12
20 16 20 12 9 4.21012e+38
18 14 18 12 9 5.69681e+28
12 6 12 6 5 1.82022e+31
20 17 21 7 5 2.25135e+26
21 11 15 13 5 9.91091e+17
21 11 20 56 5 4
18 10 17 16 5 7.96262e+08
19 12 19 48 3 432
19 10 14 16 8 1.04853e+22
20 11 15 20 8 1.9887e+31
26 18 22 13 5 8.94304e+51
25 16 20 13 5 6.83275e+40
24 16 19 14 9 1.92254e+49
28 15 18 12 9 2.93943e+41
21 13 17 13 5 3.3293e+25
22 11 22 60 4 276480
24 14 18 13 5 4.02846e+30
22 10 20 18 5 9.95328e+07
24 18 15 17 3 7.99297e+24
20 14 17 16 8 1.75422e+39
34 18 34 12 6 5.2034e+51
20 14 17 20 8 3.18948e+37
20 11 15 16 8 1.9887e+31
23 18 8 13 5 1.37388e+38
26 17 19 68 4 2.50823e+11
23 16 16 68 4 1.40169e+20
19 14 17 14 9 1.07167e+38
24 17 21 20 8 1.02717e+62
18 18 0 4 2 1.74357e+11
17 16 0 5 2 9.58003e+08
18 18 0 5 2 1.74357e+11
13 12 0 4 2 80640
18 18 0 3 2 1.74357e+11
13 12 0 3 2 40320
15 15 0 16 2 2.90304e+07
20 19 0 3 2 6.97426e+11
20 19 0 5 2 6.97426e+11
18 18 0 19 2 1.74357e+11
49 5 10 61 58 4
337 30 59 16 10 4.68117e+71
263 31 52 18 11 6.18458e+47
199 85 154 16 9 7.82758e+11
97 23 44 13 7 1.036e+181
19 7 14 8 6 1
36 13 25 12 6 1
23 7 14 8 5 2
30 10 20 9 6 1
29 9 17 9 7 1
29 10 20 11 8 1
45 14 28 17 7 1
47 13 25 12 8 1
40 13 22 17 8 1
41 14 26 15 6 1
