0  681298897231415 2
1  3021361446658 1
2  7371648 8
3 
4  18372667 2
5  33268108 6
6  39761907 2
7  124428198799 578
8 
9  11738580851608 198
10  773600 0
11  8825581 1
12  18172607 2
13  1968653409 0
14  3962445669796 0
15 
16  568309451 21
17  13850718456031 43
18 
19 
20  3849 0
21  8081148 1
22  11663922 0
23  4035 1
24  36272101 1
25  5464 1
26  35064 1
27  34287 1
28  29998 2
29  1919904 2
30  676184 2
31  349740 2
32  13849673957635 14
33  177568418 4
34  108026612 6
35  2103762 4
36  17101931 3
37  7781674 0
38  4637296 0
39  2729706440807 0
40  316728256616 0
41  63902 2
42 
43  408978 2
44  86415 2
45  16309242 4
46  2165375 3
47  53264 1
48  146671 2
49  16792367859 0
