0  681298897231415 1
1  3021361446658 0
2  7371648 2
3 
4  18372667 1
5  33268108 2
6  39761907 0
7  124428198799 63
8 
9  11738580851608 52
10  773600 0
11  8825581 0
12  18172607 0
13  1968653409 0
14  3962445669796 4
15 
16  568309451 9
17  13850718456031 76
18  1103149863147 163
19 
20  3849 0
21  8081148 1
22  11663922 1
23  4035 0
24  36272101 5
25  5464 0
26  35064 0
27  34287 0
28  29998 0
29  1919904 0
30  676184 0
31  349740 0
32 
33  177568418 5
34  108026612 7
35  2103762 1
36  17101931 3
37  7781674 0
38  4637296 0
39  2729706440807 0
40  316728256616 42
41  63902 0
42 
43  408978 0
44  86415 0
45  16309242 60
46  2165375 4
47  53264 0
48  146671 0
49  16792367859 0
