0  681298897231415 1
1  3021361446658 0
2  7371648 3
3 
4  18372667 1
5  33268108 1
6  39761907 0
7  124428198799 7
8 
9  11738580851608 3
10  773600 0
11  8825581 0
12  18172607 1
13  1968653409 0
14  3962445669796 3
15 
16  568309451 58
17  13850718456031 42
18  1103149863147 11
19 
20  3849 0
21  8081148 1
22  11663922 2
23  4035 0
24  36272101 8
25  5464 0
26  35064 0
27  34287 0
28  29998 0
29  1919904 1
30  676184 1
31  349740 4
32 
33  177568418 34
34  108026612 81
35  2103762 9
36  17101931 105
37  7781674 0
38  4637296 0
39  2729706440807 0
40  316728256616 41
41  63902 0
42 
43  408978 5
44  86415 1
45 
46  2165375 53
47  53264 0
48  146671 2
49  16792367859 0
